0.999968 0.00553129 0.00579886 298.527 -0.000842218 -0.647061 0.762438 -481.293 0.00796948 -0.762419 -0.647035 519.84 0 0 0 1 
0.999984 0.00470816 0.00326918 300.689 0.000506536 -0.640708 0.767785 -484.861 0.00570944 -0.76777 -0.6407 516.878 0 0 0 1 
0.999967 0.00699496 0.00406219 300.573 0.00132192 -0.636756 0.771064 -486.55 0.00798019 -0.771034 -0.636744 513.959 0 0 0 1 
0.999977 0.00600271 0.00301894 302.319 0.00147703 -0.634698 0.772759 -487.796 0.00655476 -0.772737 -0.634692 515.943 0 0 0 1 
0.999979 0.00560783 0.00336915 302.382 0.000948257 -0.633803 0.773494 -488.289 0.006473 -0.773474 -0.633795 515.388 0 0 0 1 
0.999974 0.00630831 0.00346201 302.903 0.00132614 -0.634429 0.77298 -487.389 0.0070726 -0.772955 -0.634421 515.045 0 0 0 1 
0.999969 0.00571192 0.00542418 302.7 -0.000579144 -0.63343 0.7738 -488.09 0.00785572 -0.773779 -0.633407 514.987 0 0 0 1 
0.999913 0.00760348 0.0107882 298.854 -0.00345541 -0.638066 0.769974 -483.244 0.0127381 -0.769944 -0.637984 516.592 0 0 0 1 
0.999939 0.00465915 0.00997573 298.269 -0.00465042 -0.642536 0.766241 -481.07 0.0099798 -0.766241 -0.642476 521.237 0 0 0 1 
0.999995 0.00207901 0.00225254 302.77 -0.000408765 -0.637838 0.77017 -483.784 0.00303795 -0.770168 -0.637834 518.828 0 0 0 1 
0.999987 0.00290943 0.00417392 300.05 -0.00136971 -0.636138 0.771574 -484.719 0.00490003 -0.77157 -0.636126 519.432 0 0 0 1 
0.999992 0.00308302 0.00270524 300.73 -0.000156043 -0.630479 0.776206 -488.002 0.00409866 -0.7762 -0.630473 517.973 0 0 0 1 
1 -0.00076584 -0.000108794 304.127 -0.000405768 -0.639095 0.769127 -481.469 -0.000658558 -0.769127 -0.639096 525.191 0 0 0 1 
0.999995 -0.00189721 0.00254708 305.385 -0.00317172 -0.638214 0.769853 -481.057 0.000165009 -0.769857 -0.638217 526.515 0 0 0 1 
0.999968 0.000661634 0.00802149 303.031 -0.00585427 -0.624151 0.781282 -489.989 0.00552354 -0.781304 -0.624127 520.315 0 0 0 1 
0.99995 -0.0034257 0.00936893 302.561 -0.00943455 -0.629866 0.776646 -486.001 0.00324062 -0.776696 -0.629867 526.353 0 0 0 1 
0.999933 -0.0069944 0.00923293 302.672 -0.0115784 -0.626329 0.779473 -488.777 0.000330903 -0.779528 -0.626368 526.872 0 0 0 1 
0.999932 -0.0114902 0.00194428 306.784 -0.00872091 -0.627143 0.778855 -489.914 -0.00772986 -0.778819 -0.627201 531.109 0 0 0 1 
0.999886 -0.0147695 0.00301657 305.882 -0.0116486 -0.630009 0.776501 -486.691 -0.00956806 -0.776448 -0.630109 536.181 0 0 0 1 
0.999878 -0.0156423 -0.000101076 309.467 -0.00968362 -0.624038 0.781334 -490.481 -0.012285 -0.781237 -0.624113 537.948 0 0 0 1 
0.999858 -0.0168283 0.00103392 310.915 -0.011291 -0.622791 0.782306 -493.363 -0.012521 -0.782207 -0.622893 541.392 0 0 0 1 
0.999732 -0.0230492 0.00212308 311.49 -0.016025 -0.623031 0.782033 -494.164 -0.0167025 -0.781858 -0.623233 544.709 0 0 0 1 
0.99968 -0.0245151 0.00627909 307.278 -0.0200486 -0.615807 0.787642 -502.367 -0.0154424 -0.787516 -0.616101 544.712 0 0 0 1 
0.999665 -0.0254996 0.00439142 306.992 -0.0192221 -0.618251 0.785746 -503.21 -0.0173212 -0.785567 -0.618534 552.098 0 0 0 1 
0.999712 -0.023971 0.00108308 308.127 -0.015603 -0.615105 0.788291 -506.868 -0.0182299 -0.788081 -0.615301 554.53 0 0 0 1 
0.999826 -0.0183074 0.0036434 305.236 -0.0140483 -0.609469 0.792685 -515.696 -0.0122915 -0.792598 -0.60962 557.132 0 0 0 1 
0.999846 -0.017432 -0.00213536 309.971 -0.00888949 -0.607198 0.794501 -524.111 -0.0151463 -0.794359 -0.607259 561.708 0 0 0 1 
0.999926 -0.0114419 0.00412591 307.117 -0.0102533 -0.610461 0.79198 -527.142 -0.00654308 -0.791963 -0.610533 569.174 0 0 0 1 
0.999927 -0.0103961 0.00616236 308.647 -0.0112086 -0.607101 0.794545 -535.542 -0.00451903 -0.794556 -0.607173 572.557 0 0 0 1 
0.999977 -0.00518742 0.00431039 310.564 -0.00656443 -0.601867 0.79857 -548.528 -0.00154824 -0.79858 -0.601887 573.814 0 0 0 1 
0.999969 -0.00568188 0.00543107 308.928 -0.00777281 -0.612177 0.790682 -549.224 -0.00116778 -0.7907 -0.612202 585.111 0 0 0 1 
0.999942 -0.00125197 0.0107315 301.926 -0.0092071 -0.618475 0.78575 -552.609 0.00565341 -0.785803 -0.61845 591.833 0 0 0 1 
0.999982 -0.00514332 0.00302882 304.728 -0.00556368 -0.619406 0.785051 -563.448 -0.0021617 -0.785054 -0.619423 601.016 0 0 0 1 
0.999993 -0.00365918 0.000256851 303.279 -0.00245321 -0.615077 0.788463 -573.618 -0.00272714 -0.788459 -0.615082 599.585 0 0 0 1 
0.999956 -0.00851863 -0.00381554 303.108 -0.00233971 -0.624478 0.781039 -580.178 -0.0090361 -0.780996 -0.62447 613.292 0 0 0 1 
0.99979 -0.016513 -0.0121476 307.216 -0.000483973 -0.611418 0.791307 -603.743 -0.0204941 -0.791135 -0.611298 608.653 0 0 0 1 
0.999792 -0.0164488 -0.0120493 305.11 -0.00117185 -0.63632 0.771424 -595.545 -0.0203562 -0.77125 -0.636207 632.18 0 0 0 1 
0.999618 -0.0236258 -0.0143523 306.14 -0.00383303 -0.632637 0.774439 -612.691 -0.0273766 -0.774088 -0.632486 636.878 0 0 0 1 
0.999685 -0.0223518 -0.0114009 300.269 -0.00530366 -0.632339 0.774674 -624.143 -0.0245246 -0.774369 -0.632258 640.836 0 0 0 1 
0.999552 -0.0256622 -0.0154041 300.263 -0.00431844 -0.632928 0.774199 -638.925 -0.0296173 -0.773785 -0.632755 647.801 0 0 0 1 
0.999105 -0.0332166 -0.0261763 309.731 -0.00101504 -0.637611 0.770358 -648.669 -0.042279 -0.769642 -0.637074 663.324 0 0 0 1 
0.999647 -0.0242645 -0.0107747 293.773 -0.00708248 -0.634857 0.772597 -662.637 -0.0255871 -0.772249 -0.634805 668.129 0 0 0 1 
0.99895 -0.0356858 -0.0287187 309.423 -0.00134807 -0.649587 0.760286 -664.657 -0.0457867 -0.759449 -0.648954 686.159 0 0 0 1 
0.99929 -0.0323474 -0.0193131 297.592 -0.00635074 -0.64993 0.759968 -676.898 -0.0371351 -0.759306 -0.649674 699.001 0 0 0 1 
0.999311 -0.0321185 -0.0185801 293.838 -0.00558264 -0.62518 0.78046 -710.62 -0.0366831 -0.779819 -0.624929 690.108 0 0 0 1 
0.998946 -0.0366881 -0.0275865 299.767 -0.00229457 -0.640142 0.768253 -702.882 -0.045845 -0.76738 -0.639551 711.356 0 0 0 1 
0.998596 -0.033724 -0.0408459 308.559 0.0104618 -0.630368 0.776226 -723.089 -0.0519254 -0.775564 -0.62913 717.734 0 0 0 1 
x
0.998249 -0.0357146 -0.0471559 301.76 0.0141714 -0.62957 0.776815 -747.081 -0.0574316 -0.776123 -0.627961 727.041 0 0 0 1 
0.997637 -0.0369631 -0.0579204 307.715 0.02115 -0.63684 0.770706 -756.009 -0.0653737 -0.770109 -0.634553 749.408 0 0 0 1 
0.997122 -0.0331887 -0.0681619 312.99 0.0317293 -0.633864 0.772793 -771.533 -0.0688534 -0.772732 -0.630987 755.143 0 0 0 1 
0.998491 -0.0118767 -0.0536148 287.059 0.034932 -0.615963 0.787001 -803.628 -0.0423717 -0.787686 -0.614618 751.722 0 0 0 1 
0.998407 0.00205514 -0.0563854 281.844 0.0451646 -0.628088 0.776831 -807.158 -0.0338184 -0.77814 -0.62718 780.957 0 0 0 1 
0.99785 -0.00865516 -0.0649685 291.409 0.045457 -0.62271 0.781131 -808.682 -0.0472174 -0.782404 -0.620978 773.16 0 0 0 1 
0.998221 0.00568469 -0.0593476 279.236 0.0499921 -0.622194 0.781266 -832.378 -0.0324845 -0.782843 -0.621371 802.862 0 0 0 1 
0.995168 0.00665592 -0.0979604 313.79 0.0818286 -0.607619 0.790002 -837.124 -0.0542644 -0.794201 -0.605227 779.533 0 0 0 1 
x
0.997135 0.0349657 -0.0670709 266.445 0.074788 -0.588334 0.805152 -871.694 -0.0113074 -0.807862 -0.589263 772.017 0 0 0 1 
x
x
0.99619 0.0363559 -0.0792703 263.851 0.0847241 -0.618918 0.780873 -853.245 -0.0206725 -0.784614 -0.61964 805.133 0 0 0 1 
x
0.984228 0.0157249 -0.176203 362.995 0.153333 -0.572576 0.805386 -894.087 -0.088225 -0.819701 -0.565956 761.193 0 0 0 1 
x
0.991177 0.0560716 -0.120101 290.626 0.12952 -0.602249 0.787731 -857.547 -0.0281616 -0.796337 -0.604197 784.254 0 0 0 1 
x
0.987169 0.0420352 -0.154049 337.601 0.146597 -0.621025 0.76996 -836.524 -0.0633025 -0.782663 -0.619218 782.956 0 0 0 1 
0.987564 0.0426741 -0.151313 337.298 0.144899 -0.620502 0.770702 -831.465 -0.0610011 -0.783043 -0.618969 784.807 0 0 0 1 
0.984621 0.0422169 -0.169527 363.311 0.162832 -0.57337 0.802952 -868.724 -0.0633039 -0.818208 -0.571427 739.03 0 0 0 1 
x
0.98901 0.0482388 -0.139757 350.204 0.13774 -0.644139 0.752405 -786.359 -0.0537276 -0.763386 -0.643704 792.467 0 0 0 1 
x
x
x
0.987821 0.0835566 -0.131253 386.562 0.154319 -0.633839 0.757914 -741.923 -0.0198646 -0.768939 -0.639014 752.967 0 0 0 1 
0.986509 0.0975397 -0.131475 382.023 0.163472 -0.629932 0.759252 -735.93 -0.00876324 -0.770501 -0.637378 745.452 0 0 0 1 
0.984374 0.105756 -0.140799 385.891 0.175837 -0.633366 0.753611 -727.46 -0.00947846 -0.766592 -0.642064 743.697 0 0 0 1 
0.980351 0.108146 -0.164976 407.433 0.195552 -0.642698 0.740742 -713.676 -0.0259214 -0.758448 -0.651218 751.255 0 0 0 1 
0.978705 0.117122 -0.16858 410.645 0.203983 -0.64681 0.734866 -704.869 -0.0229707 -0.753605 -0.656927 750.954 0 0 0 1 
0.977124 0.119544 -0.17589 420.954 0.210907 -0.650937 0.729245 -698.555 -0.0273161 -0.74966 -0.661259 750.517 0 0 0 1 
0.976467 0.119374 -0.179615 431.04 0.213138 -0.661293 0.719211 -688.474 -0.0329231 -0.740568 -0.671174 754.005 0 0 0 1 
0.976028 0.119057 -0.182194 438.552 0.214379 -0.670365 0.710388 -680.616 -0.03756 -0.732418 -0.679819 756.77 0 0 0 1 
0.974865 0.120976 -0.187089 446.509 0.218818 -0.677848 0.701884 -675.259 -0.0419067 -0.725181 -0.687282 764.738 0 0 0 1 
0.971971 0.117036 -0.203898 464.582 0.227861 -0.682518 0.694441 -668.361 -0.0578894 -0.721437 -0.690056 770.768 0 0 0 1 
0.968638 0.114773 -0.22038 481.323 0.237858 -0.684805 0.688815 -667.216 -0.0718595 -0.719631 -0.690628 776.439 0 0 0 1 
0.96655 0.121465 -0.225891 490.571 0.245363 -0.694372 0.676494 -659.392 -0.0746824 -0.709291 -0.700948 794.109 0 0 0 1 
0.96088 0.119158 -0.25002 521.54 0.260472 -0.695635 0.669512 -649.096 -0.094145 -0.708445 -0.699459 792.999 0 0 0 1 
0.958158 0.127498 -0.256278 535.834 0.269932 -0.700366 0.660776 -647.221 -0.0952409 -0.702305 -0.705477 803.288 0 0 0 1 
0.953036 0.124308 -0.276169 564.702 0.27978 -0.710498 0.645691 -645.277 -0.115953 -0.692633 -0.711909 817.391 0 0 0 1 
0.952617 0.153203 -0.262774 555.678 0.290661 -0.71311 0.637958 -645.838 -0.0896499 -0.684108 -0.72385 828.025 0 0 0 1 
0.944627 0.161019 -0.285924 582.047 0.311622 -0.713196 0.627888 -636.38 -0.102818 -0.68222 -0.723881 830.472 0 0 0 1 
0.940173 0.182157 -0.287913 583.797 0.32795 -0.71287 0.619892 -640.477 -0.0923266 -0.677226 -0.729959 842.521 0 0 0 1 
0.929857 0.188438 -0.316003 609.668 0.349559 -0.720424 0.598997 -624.471 -0.114782 -0.667443 -0.735761 847.115 0 0 0 1 
0.926199 0.210368 -0.312889 600.667 0.360867 -0.735024 0.574034 -621.396 -0.109223 -0.644581 -0.756694 896.908 0 0 0 1 
0.906832 0.199579 -0.371247 651.529 0.394648 -0.711354 0.581574 -625.595 -0.148018 -0.673902 -0.723842 851.953 0 0 0 1 
0.907594 0.224367 -0.354871 638.74 0.399565 -0.721134 0.565963 -618.851 -0.128926 -0.655459 -0.744145 884.361 0 0 0 1 
0.895636 0.227422 -0.38225 681.575 0.421001 -0.71073 0.563579 -617.358 -0.143506 -0.665689 -0.7323 863.048 0 0 0 1 
0.893353 0.246157 -0.375935 676.922 0.430553 -0.708376 0.55931 -616.787 -0.128625 -0.661521 -0.738813 866.087 0 0 0 1 
0.885503 0.254942 -0.388444 689.524 0.442839 -0.716124 0.5395 -597.583 -0.140633 -0.649747 -0.747028 871.657 0 0 0 1 
0.88023 0.272408 -0.388573 695.383 0.454088 -0.721337 0.52295 -585.585 -0.137837 -0.636763 -0.75864 885.142 0 0 0 1 
0.872965 0.288485 -0.39333 709.868 0.469835 -0.714016 0.519073 -582.307 -0.131099 -0.637933 -0.758851 885.217 0 0 0 1 
0.865598 0.29895 -0.401707 720.056 0.483826 -0.706061 0.517098 -577.535 -0.129043 -0.641956 -0.755805 869.076 0 0 0 1 
0.856583 0.314365 -0.409195 732.441 0.499289 -0.705176 0.503426 -566.693 -0.130295 -0.635533 -0.761 872.231 0 0 0 1 
0.849639 0.328151 -0.412832 739.706 0.511081 -0.705392 0.49114 -552.134 -0.13004 -0.628282 -0.76704 871.157 0 0 0 1 
0.841582 0.339561 -0.420045 746.533 0.524715 -0.698439 0.48668 -547.919 -0.128118 -0.629985 -0.765967 866.808 0 0 0 1 
0.830828 0.358943 -0.425305 749.948 0.541743 -0.696606 0.470377 -528.753 -0.127431 -0.621208 -0.773215 876.614 0 0 0 1 
0.817034 0.376191 -0.436962 760.245 0.562499 -0.686556 0.460691 -510.97 -0.126691 -0.622191 -0.772546 873.75 0 0 0 1 
0.80507 0.398842 -0.439076 760.325 0.581156 -0.678625 0.44914 -494.841 -0.118832 -0.616761 -0.778129 880.712 0 0 0 1 
x
0.778337 0.436089 -0.451684 770.606 0.621552 -0.636818 0.45622 -484.323 -0.0886882 -0.635838 -0.76671 874.968 0 0 0 1 
0.787939 0.465668 -0.402872 725.827 0.615487 -0.614878 0.493053 -530.866 -0.0181188 -0.636458 -0.771098 896.494 0 0 0 1 
0.756046 0.462023 -0.463604 788.805 0.647867 -0.628992 0.429695 -442.563 -0.0930743 -0.625223 -0.774876 883.112 0 0 0 1 
0.746942 0.476657 -0.463547 785.485 0.657577 -0.632706 0.408993 -419.945 -0.0983396 -0.610312 -0.786034 891.151 0 0 0 1 
0.732358 0.487955 -0.474923 788.511 0.672933 -0.625174 0.395371 -414.915 -0.103987 -0.609145 -0.786212 898.123 0 0 0 1 
0.711889 0.488774 -0.504295 811.077 0.691006 -0.615703 0.378708 -398.4 -0.125393 -0.61807 -0.776058 877.994 0 0 0 1 
0.70072 0.522311 -0.485987 798.548 0.702752 -0.622771 0.343943 -368.979 -0.123013 -0.582536 -0.803442 920.32 0 0 0 1 
0.669821 0.512779 -0.537026 845.661 0.725115 -0.607415 0.324431 -336.042 -0.159836 -0.606716 -0.778683 880.008 0 0 0 1 
0.663623 0.53543 -0.522417 831.483 0.738233 -0.58161 0.341675 -354.051 -0.1209 -0.612409 -0.781242 885.182 0 0 0 1 
0.645134 0.537599 -0.542945 850.495 0.752581 -0.569852 0.329986 -344.303 -0.131998 -0.621495 -0.772218 880.838 0 0 0 1 
0.631854 0.551737 -0.544377 846.713 0.763568 -0.563733 0.314911 -332.674 -0.133135 -0.614647 -0.777486 885.712 0 0 0 1 
0.613489 0.558164 -0.558645 860.899 0.774194 -0.564608 0.286078 -305.135 -0.155738 -0.608005 -0.778508 886.427 0 0 0 1 
0.604316 0.57066 -0.556012 861.839 0.783667 -0.551652 0.285564 -308.423 -0.143766 -0.608299 -0.780579 894.083 0 0 0 1 
0.589006 0.575319 -0.567521 876.71 0.792902 -0.547105 0.268297 -290.744 -0.156137 -0.608016 -0.77842 886.489 0 0 0 1 
0.578523 0.585673 -0.567713 882.778 0.801761 -0.536287 0.263774 -285.606 -0.149972 -0.607769 -0.779824 884.141 0 0 0 1 
0.563245 0.602705 -0.565245 886.315 0.813543 -0.524192 0.251733 -275.93 -0.144576 -0.601639 -0.785575 897.214 0 0 0 1 
0.541309 0.60797 -0.580825 903.29 0.825257 -0.516462 0.228512 -254.16 -0.161045 -0.603025 -0.781297 891.669 0 0 0 1 
0.525061 0.612135 -0.591271 918.392 0.83658 -0.498856 0.226443 -251.561 -0.156345 -0.613542 -0.77403 882.582 0 0 0 1 
0.506604 0.61799 -0.6012 933.79 0.848891 -0.479475 0.222458 -240.28 -0.150784 -0.623051 -0.76751 873.649 0 0 0 1 
0.491804 0.641116 -0.589151 927.433 0.857348 -0.474637 0.199185 -211.171 -0.151932 -0.603068 -0.783087 901.901 0 0 0 1 
0.464666 0.631201 -0.621024 954.16 0.873858 -0.440163 0.206467 -228.615 -0.14303 -0.638625 -0.756109 884.234 0 0 0 1 
0.448895 0.631941 -0.631779 968.477 0.886624 -0.403059 0.226806 -263.365 -0.111316 -0.661962 -0.741225 879.476 0 0 0 1 
0.42169 0.653567 -0.628513 964.432 0.892953 -0.419742 0.162638 -192.958 -0.157518 -0.629815 -0.760605 891.922 0 0 0 1 
0.405736 0.658802 -0.633528 972.8 0.901554 -0.402428 0.158909 -192.663 -0.15026 -0.635635 -0.757225 887.156 0 0 0 1 
0.383524 0.665672 -0.640148 986.023 0.910956 -0.386671 0.143682 -180.156 -0.151882 -0.638252 -0.754696 883.611 0 0 0 1 
0.363355 0.668237 -0.649178 1000.85 0.920263 -0.366048 0.13829 -170.813 -0.14522 -0.647663 -0.747959 873.397 0 0 0 1 
0.34888 0.681915 -0.642865 1004.35 0.926763 -0.352969 0.128541 -157.312 -0.139257 -0.640629 -0.755118 879.837 0 0 0 1 
x
0.329758 0.694181 -0.639822 1016.27 0.937252 -0.322003 0.13369 -151.434 -0.113219 -0.64376 -0.756806 865.883 0 0 0 1 
0.325277 0.698758 -0.637128 1018.61 0.939338 -0.31629 0.132681 -143.597 -0.108805 -0.641637 -0.759252 867.476 0 0 0 1 
0.320879 0.690908 -0.647829 1023.69 0.94103 -0.310014 0.135476 -136.763 -0.107234 -0.653098 -0.749642 847.665 0 0 0 1 
x
x
x
x
0.341089 0.643915 -0.684858 1030.07 0.938055 -0.280367 0.203586 -135.363 -0.0609194 -0.711876 -0.699658 787.331 0 0 0 1 
x
0.360455 0.632659 -0.685431 1016.4 0.9315 -0.282572 0.229041 -131.651 -0.0487787 -0.721038 -0.691177 761.209 0 0 0 1 
0.371532 0.627827 -0.683957 1016.02 0.927717 -0.279708 0.247192 -143.299 -0.0361144 -0.726359 -0.686366 762.462 0 0 0 1 
x
x
0.420299 0.580272 -0.697591 1011.16 0.907222 -0.283343 0.310911 -161.827 -0.0172445 -0.763545 -0.645524 720.878 0 0 0 1 
0.433587 0.577468 -0.691761 1011.63 0.901101 -0.281602 0.329723 -177.546 -0.00439613 -0.76631 -0.642456 724.182 0 0 0 1 
0.443217 0.566362 -0.694834 1009.93 0.896412 -0.281729 0.342161 -185.487 -0.00196774 -0.774509 -0.63256 702.341 0 0 0 1 
0.452723 0.56534 -0.689516 1011.78 0.891619 -0.280463 0.355466 -204.766 0.00757562 -0.775713 -0.63104 703.306 0 0 0 1 
0.455532 0.565475 -0.687553 1007.91 0.89009 -0.276141 0.362611 -220.048 0.0151858 -0.777165 -0.629114 697.454 0 0 0 1 
0.458905 0.55269 -0.695658 1003.47 0.88842 -0.27593 0.366841 -231.323 0.010797 -0.786382 -0.617647 684.537 0 0 0 1 
0.463749 0.546007 -0.69772 1007.26 0.885843 -0.272619 0.375447 -241.57 0.0147854 -0.792184 -0.610103 685.834 0 0 0 1 
x
0.495269 0.515696 -0.699118 1000.98 0.86867 -0.304173 0.391013 -248.497 -0.0110089 -0.800959 -0.598618 683.81 0 0 0 1 
x
x
0.553752 0.460478 -0.693771 980.945 0.832669 -0.310913 0.458253 -297.637 -0.00468715 -0.83144 -0.555594 659.343 0 0 0 1 
0.567639 0.441643 -0.694793 992.654 0.823276 -0.302797 0.480136 -322.583 0.00166759 -0.84455 -0.535474 657.191 0 0 0 1 
0.580852 0.438449 -0.685838 983.085 0.814009 -0.312258 0.48978 -326.926 0.000585307 -0.842768 -0.538278 660.054 0 0 0 1 
0.595591 0.435173 -0.6752 980.711 0.803286 -0.321089 0.50163 -331.248 0.00149645 -0.841145 -0.540807 663.525 0 0 0 1 
x
0.63637 0.401262 -0.658803 968.628 0.771375 -0.335074 0.541023 -358.791 -0.00365549 -0.852475 -0.522755 662.258 0 0 0 1 
0.650882 0.384935 -0.654352 964.658 0.75899 -0.349141 0.549577 -362.044 -0.0169098 -0.854357 -0.519412 662.271 0 0 0 1 
x
x
x
x
x
x
x
x
x
x
x
x
x
x
x
x
x
x
x
x
x
x
x
x
x
x
x
x
x
x
x
x
x
x
x
x
x
x
x
x
x
x
x
x
x
x
x
x
x
x
x
x
x
x
x
x
x
x
x
x
x
x
x
x
x
x
x
x
0.686096 -0.451364 0.570564 -106.05 -0.727476 -0.433322 0.531987 -207.799 0.00711814 -0.780066 -0.625657 771.489 0 0 0 1 
0.660472 -0.453307 0.598573 -130.592 -0.750521 -0.422193 0.508401 -189.02 0.0222519 -0.785026 -0.619063 762.396 0 0 0 1 
x
x
0.599448 -0.503314 0.622364 -154.3 -0.800118 -0.397943 0.448835 -163.045 0.0217603 -0.767018 -0.641256 783.15 0 0 0 1 
x
0.561081 -0.558545 0.610914 -159.537 -0.82776 -0.379564 0.413213 -143.833 0.00108277 -0.737536 -0.675307 826.884 0 0 0 1 
0.53507 -0.544445 0.645972 -185.335 -0.844806 -0.346369 0.407838 -142.122 0.00169936 -0.763943 -0.645282 784.169 0 0 0 1 
0.511701 -0.552293 0.65813 -199.632 -0.859015 -0.314646 0.403845 -155.948 -0.0159628 -0.771991 -0.635433 793.132 0 0 0 1 
x
x
x
0.381869 -0.609017 0.695179 -201.287 -0.924215 -0.25277 0.286239 -113.526 0.00139612 -0.751801 -0.659388 811.449 0 0 0 1 
0.346453 -0.608942 0.713555 -219.517 -0.937974 -0.235621 0.254337 -96.9908 0.013252 -0.757411 -0.652803 807.031 0 0 0 1 
0.298496 -0.632299 0.714911 -220.757 -0.954397 -0.201752 0.220051 -82.2651 0.00509704 -0.747994 -0.663686 804.069 0 0 0 1 
0.274287 -0.639302 0.718372 -232.202 -0.961412 -0.198849 0.190122 -55.0754 0.0213025 -0.7428 -0.669175 805.288 0 0 0 1 
0.268035 -0.644647 0.715952 -236.972 -0.963409 -0.179411 0.199135 -61.0787 7.80936e-005 -0.74313 -0.669147 801.54 0 0 0 1 
x
x
0.267736 -0.669418 0.692962 -246.493 -0.960963 -0.133455 0.242362 -69.0327 -0.0697624 -0.7308 -0.679017 803.313 0 0 0 1 
0.25604 -0.677009 0.690002 -240.18 -0.964637 -0.132723 0.227726 -55.501 -0.0625938 -0.723909 -0.68705 804.811 0 0 0 1 
x
0.244357 -0.655211 0.714834 -252.459 -0.967698 -0.117601 0.223003 -58.5835 -0.0620488 -0.746236 -0.662783 811.009 0 0 0 1 
0.241051 -0.632713 0.735914 -277.346 -0.968961 -0.114036 0.219342 -65.7135 -0.0548598 -0.765944 -0.640562 788.221 0 0 0 1 
0.235482 -0.650338 0.722225 -266.231 -0.970813 -0.12261 0.206128 -60.5982 -0.0455004 -0.749685 -0.660229 795.92 0 0 0 1 
x
x
x
x
x
0.25951 -0.677859 0.687868 -308.324 -0.96574 -0.182688 0.184313 -43.8488 0.000727291 -0.712132 -0.702045 773.613 0 0 0 1 
0.286203 -0.68407 0.670922 -297.069 -0.958018 -0.191882 0.213032 -69.3655 -0.0169906 -0.703726 -0.710268 774.51 0 0 0 1 
0.294127 -0.67166 0.679973 -304.694 -0.955753 -0.210493 0.205498 -61.2796 0.00510468 -0.710328 -0.703852 767.558 0 0 0 1 
x
x
x
x
0.345006 -0.60436 0.718137 -302.068 -0.938587 -0.226197 0.260555 -64.0178 0.00497141 -0.763927 -0.645283 753.944 0 0 0 1 
0.348963 -0.60487 0.715791 -300.847 -0.937061 -0.234918 0.258323 -58.838 0.0119003 -0.760885 -0.648778 764.191 0 0 0 1 
0.367916 -0.594873 0.714678 -297.26 -0.929851 -0.232135 0.285466 -77.5585 -0.00391454 -0.769571 -0.638549 751.354 0 0 0 1 
0.387093 -0.575319 0.720533 -310.86 -0.921976 -0.232284 0.309844 -88.6668 -0.0108911 -0.784253 -0.620346 734.646 0 0 0 1 
0.390143 -0.591393 0.705721 -296.959 -0.920753 -0.249397 0.300025 -75.592 -0.00142744 -0.766848 -0.641827 751.142 0 0 0 1 
0.410134 -0.585135 0.699577 -299.566 -0.911892 -0.249972 0.325526 -108.832 -0.0156023 -0.771447 -0.636102 755.565 0 0 0 1 
x
0.407248 -0.595523 0.692461 -306.051 -0.913006 -0.285259 0.291629 -87.5641 0.0238592 -0.750986 -0.659887 758.246 0 0 0 1 
0.434558 -0.574117 0.693937 -318.962 -0.900636 -0.280242 0.332143 -135.536 0.00378116 -0.76932 -0.638852 740.878 0 0 0 1 
0.436554 -0.593396 0.676241 -305.017 -0.899586 -0.298653 0.318671 -123.494 0.0128631 -0.747454 -0.664189 751.005 0 0 0 1 
0.448382 -0.599986 0.662548 -296.194 -0.893842 -0.301537 0.331847 -142.754 0.000679185 -0.741008 -0.671496 756.891 0 0 0 1 
0.459178 -0.59847 0.656497 -294.413 -0.88833 -0.313529 0.335514 -148.254 0.0050356 -0.737247 -0.675605 759.461 0 0 0 1 
0.472257 -0.600121 0.645622 -289.825 -0.881458 -0.319508 0.347774 -159.924 -0.00242493 -0.733328 -0.679871 766.951 0 0 0 1 
0.482322 -0.603385 0.635053 -284.502 -0.875805 -0.317101 0.363886 -179.876 -0.0181871 -0.731692 -0.681392 775.524 0 0 0 1 
0.483006 -0.606814 0.631255 -275.699 -0.87541 -0.318965 0.363206 -184.6 -0.0190505 -0.728038 -0.685273 776.652 0 0 0 1 
0.5049 -0.594164 0.626136 -273.398 -0.860841 -0.293265 0.415871 -252.398 -0.0634717 -0.748976 -0.65955 772.823 0 0 0 1 
0.501011 -0.599616 0.624058 -263.448 -0.86478 -0.318669 0.388081 -223.646 -0.0338314 -0.734105 -0.678192 774.585 0 0 0 1 
0.510813 -0.602472 0.613268 -250.474 -0.859337 -0.33733 0.384381 -218.926 -0.024705 -0.72335 -0.690039 776.971 0 0 0 1 
0.528755 -0.595156 0.605151 -244.837 -0.847752 -0.335318 0.410948 -244.893 -0.0416598 -0.730309 -0.681845 777.027 0 0 0 1 
0.541266 -0.59123 0.597895 -228.686 -0.839685 -0.342602 0.421371 -252.551 -0.0442878 -0.730117 -0.681886 772.047 0 0 0 1 
x
0.564691 -0.587589 0.579537 -203.02 -0.825268 -0.395607 0.403024 -249.922 -0.00754333 -0.705857 -0.708314 818.484 0 0 0 1 
0.579888 -0.56668 0.585324 -196.024 -0.814629 -0.394062 0.425553 -278.882 -0.010498 -0.723595 -0.690145 788.897 0 0 0 1 
0.605149 -0.553045 0.572657 -178.895 -0.795658 -0.39585 0.45851 -317.643 -0.0268904 -0.733106 -0.679583 770.024 0 0 0 1 
0.621283 -0.549026 0.559087 -161.311 -0.783373 -0.41855 0.459503 -316.885 -0.0182729 -0.723455 -0.69013 774.56 0 0 0 1 
0.640161 -0.536332 0.550039 -153.398 -0.768047 -0.430686 0.473935 -325.755 -0.0172924 -0.72585 -0.687636 778.257 0 0 0 1 
0.65923 -0.521598 0.54162 -135.947 -0.751598 -0.435293 0.495602 -339.216 -0.0227415 -0.733795 -0.67899 755.154 0 0 0 1 
x
0.696138 -0.482577 0.531517 -114.341 -0.717869 -0.475648 0.508354 -346.41 0.00749532 -0.735444 -0.677544 757.702 0 0 0 1 
0.712094 -0.480778 0.51164 -93.0802 -0.702084 -0.488237 0.518365 -352.731 0.000583072 -0.728339 -0.685217 769.391 0 0 0 1 
0.726552 -0.463751 0.507009 -84.6087 -0.68711 -0.488679 0.537655 -366.153 -0.00157313 -0.739005 -0.673698 748.829 0 0 0 1 
0.74285 -0.434999 0.50887 -91.2484 -0.669431 -0.475892 0.570429 -399.109 -0.0059693 -0.764397 -0.644718 715.426 0 0 0 1 
0.758196 -0.446243 0.475401 -64.1613 -0.651984 -0.510509 0.560622 -384.573 -0.00747698 -0.735015 -0.678009 726.269 0 0 0 1 
0.774767 -0.443301 0.4508 -55.5712 -0.632243 -0.545908 0.549776 -375.353 0.00237877 -0.710963 -0.703225 742.828 0 0 0 1 
0.791766 -0.429972 0.433855 -49.192 -0.610813 -0.553092 0.566565 -395.21 -0.00364524 -0.713592 -0.700552 735.673 0 0 0 1 
0.805595 -0.420349 0.417521 -37.26 -0.592467 -0.57234 0.56693 -400.732 0.000655718 -0.704084 -0.710117 732.517 0 0 0 1 
0.816393 -0.415117 0.401474 -23.5164 -0.577442 -0.596427 0.557526 -396.617 0.00801198 -0.686988 -0.726625 738.84 0 0 0 1 
0.828075 -0.409252 0.383151 -11.6809 -0.560368 -0.624617 0.543913 -384.697 0.0167254 -0.665106 -0.746562 746.457 0 0 0 1 
0.838578 -0.407815 0.361211 3.22877 -0.544662 -0.641444 0.540271 -379.303 0.0113666 -0.649798 -0.760022 747.947 0 0 0 1 
0.850324 -0.405047 0.335984 21.3078 -0.526236 -0.648382 0.550161 -388.699 -0.00499536 -0.644622 -0.764485 749.625 0 0 0 1 
0.856895 -0.397949 0.327669 30.0777 -0.51549 -0.661409 0.544801 -385.747 -7.9986e-005 -0.635748 -0.771897 751.504 0 0 0 1 
0.863728 -0.390638 0.318396 44.8012 -0.503935 -0.67557 0.538196 -380.638 0.00485883 -0.625306 -0.780365 752.278 0 0 0 1 
0.867629 -0.391169 0.306931 60.7534 -0.497203 -0.686324 0.530799 -378.632 0.00302226 -0.613144 -0.789966 765.545 0 0 0 1 
0.871868 -0.386193 0.301165 77.2183 -0.48971 -0.694291 0.527394 -377.247 0.00541977 -0.607301 -0.794453 767.938 0 0 0 1 
0.875838 -0.377986 0.300056 79.4636 -0.482415 -0.703119 0.522398 -371.81 0.0135157 -0.602288 -0.798165 777.467 0 0 0 1 
0.886655 -0.371761 0.275022 93.1958 -0.462416 -0.707786 0.534051 -374.627 -0.00388298 -0.600693 -0.79947 786.409 0 0 0 1 
0.893033 -0.366636 0.260903 100.921 -0.449991 -0.728625 0.516347 -350.744 0.000789234 -0.578519 -0.815668 807.756 0 0 0 1 
0.900752 -0.358068 0.245832 113.933 -0.433984 -0.719261 0.542514 -373.736 -0.0174397 -0.595357 -0.803272 808.838 0 0 0 1 
0.903137 -0.354807 0.241776 114.177 -0.428928 -0.720553 0.544816 -372.135 -0.0190926 -0.595748 -0.802945 816.192 0 0 0 1 
0.91202 -0.348117 0.216873 126.004 -0.408378 -0.721715 0.558887 -385.79 -0.0380375 -0.598282 -0.800382 826.073 0 0 0 1 
0.918153 -0.343655 0.197224 140.651 -0.393094 -0.727556 0.562263 -392.976 -0.049733 -0.59377 -0.803096 835.411 0 0 0 1 
0.923541 -0.331865 0.19219 143.836 -0.380347 -0.728512 0.569742 -411.384 -0.0490648 -0.59928 -0.799035 833.931 0 0 0 1 
0.927749 -0.327846 0.178324 152.649 -0.369915 -0.744489 0.555787 -408.424 -0.0494527 -0.581595 -0.811974 848.754 0 0 0 1 
0.933812 -0.317303 0.16527 161.151 -0.353709 -0.749461 0.559641 -420.102 -0.0537119 -0.581057 -0.812088 856.563 0 0 0 1 
0.942521 -0.300622 0.145879 167.068 -0.326549 -0.736106 0.592886 -454.778 -0.0708525 -0.606444 -0.791964 849.812 0 0 0 1 
0.948006 -0.284779 0.142076 150.386 -0.314256 -0.767119 0.559259 -419.144 -0.0502766 -0.574829 -0.816727 869.236 0 0 0 1 
0.951387 -0.281925 0.124017 160.205 -0.302963 -0.784123 0.541631 -392.999 -0.0554543 -0.552873 -0.831418 887.483 0 0 0 1 
x
x
x
x
x
x
x
x
x
x
x
0.993347 -0.104006 -0.0494342 331.615 -0.0246145 -0.611127 0.79115 -622.54 -0.112495 -0.78467 -0.609621 984.853 0 0 0 1 
x
0.9962 -0.0619951 -0.0611705 339.59 0.0130838 -0.587856 0.80886 -664.708 -0.0861048 -0.806586 -0.584811 983.457 0 0 0 1 
x
x
x
0.989466 -0.015784 -0.143904 453.088 0.105013 -0.605971 0.788525 -676.108 -0.0996475 -0.79533 -0.59793 1041.08 0 0 0 1 
x
x
x
x
x
x
x
0.987456 0.115788 -0.107346 412.817 0.157273 -0.661115 0.733616 -704.816 0.0139757 -0.741296 -0.671033 1069.61 0 0 0 1 
0.984388 0.13092 -0.117643 416.584 0.175234 -0.666213 0.724881 -700.118 0.0165262 -0.73418 -0.678754 1078.78 0 0 0 1 
x
x
x
x
x
0.953068 0.270698 -0.135591 452.656 0.284285 -0.646111 0.708324 -736.026 0.104135 -0.713627 -0.692743 1048.17 0 0 0 1 
x
x
x
x
x
x
x
0.841265 0.540594 -0.00567419 370.725 0.357253 -0.548013 0.756342 -778.456 0.405764 -0.638311 -0.654152 982.312 0 0 0 1 
x
x
x
x
x
x
x
x
x
x
x
x
x
x
x
x
x
x
0.60981 0.788065 -0.0841694 566.627 0.393514 -0.208884 0.895273 -646.209 0.687952 -0.579069 -0.437494 682.197 0 0 0 1 
0.626872 0.774107 -0.0882637 570.842 0.389975 -0.213675 0.895691 -657.045 0.674501 -0.595904 -0.43583 692.741 0 0 0 1 
0.659187 0.741496 -0.125121 607.656 0.396563 -0.201411 0.89564 -648.635 0.638913 -0.640013 -0.426818 669.096 0 0 0 1 
0.676797 0.722674 -0.140317 623.972 0.399845 -0.200819 0.894313 -652.757 0.618119 -0.661373 -0.424871 674.502 0 0 0 1 
0.69781 0.699717 -0.153158 639.688 0.402556 -0.206244 0.891859 -652.675 0.592461 -0.684003 -0.425595 669.054 0 0 0 1 
0.724499 0.666016 -0.177548 671.266 0.414826 -0.215596 0.88399 -655.789 0.550473 -0.714102 -0.432479 671.198 0 0 0 1 
x
0.750653 0.623911 -0.21738 695.817 0.43283 -0.215801 0.875264 -653.284 0.499177 -0.751109 -0.43204 669.238 0 0 0 1 
0.76302 0.600384 -0.239455 717.036 0.44534 -0.219801 0.867963 -651.383 0.468478 -0.768912 -0.435088 669.426 0 0 0 1 
0.768931 0.58725 -0.252752 733.178 0.455686 -0.226114 0.860943 -647.993 0.448437 -0.777181 -0.441467 680.027 0 0 0 1 
x
0.807318 0.521591 -0.276008 782.672 0.446935 -0.23502 0.863142 -632.134 0.38534 -0.820188 -0.422854 662.926 0 0 0 1 
0.826476 0.488928 -0.279082 806.313 0.436962 -0.244545 0.865599 -629.666 0.354967 -0.837345 -0.415753 657.41 0 0 0 1 
0.837372 0.471957 -0.275799 821.872 0.430441 -0.258307 0.864869 -631.179 0.33694 -0.842932 -0.419449 674.401 0 0 0 1 
0.846571 0.452399 -0.280451 837.618 0.426994 -0.262627 0.865276 -630.142 0.317796 -0.852269 -0.415504 678.529 0 0 0 1 
x
x
x
x
x
x
x
x
x
x
x
x
x
x
x
x
x
x
x
x
x
x
x
x
x
x
x
x
x
x
x
x
x
x
x
x
x
x
x
x
x
x
x
x
x
x
x
x
x
x
x
x
x
x
x
x
x
x
x
x
x
x
x
x
x
x
x
x
x
x
x
x
x
x
x
x
x
x
x
x
x
x
x
0.685719 0.566733 0.45673 21.6549 -0.0203245 -0.612339 0.790334 -570.102 0.727582 -0.55123 -0.408374 576.909 0 0 0 1 
x
x
x
x
x
x
0.820217 0.438136 0.367806 141.565 0.0272231 -0.672125 0.739937 -584.338 0.571404 -0.596896 -0.563216 575.395 0 0 0 1 
0.840667 0.408902 0.355074 166.458 0.0266397 -0.686091 0.727028 -574.354 0.540896 -0.60173 -0.587667 580.776 0 0 0 1 
0.850895 0.388537 0.353577 181.35 0.0152199 -0.691 0.722695 -573.008 0.525116 -0.609556 -0.593882 577.731 0 0 0 1 
0.869394 0.356395 0.342253 200.665 0.000144539 -0.692834 0.721097 -578.614 0.49412 -0.626867 -0.602397 569.836 0 0 0 1 
0.893737 0.321863 0.312472 234.077 0.000812936 -0.697724 0.716367 -576.108 0.448591 -0.639989 -0.623843 574.456 0 0 0 1 
0.907708 0.292458 0.300891 252.063 -0.00783971 -0.705139 0.709026 -575.832 0.41953 -0.645947 -0.637767 577.861 0 0 0 1 
x
x
x
x
x
x
0.97388 0.0606235 0.218822 420.345 -0.12498 -0.661467 0.739487 -560.741 0.189574 -0.74752 -0.636613 594.565 0 0 0 1 
0.978395 0.0345529 0.203835 428.337 -0.130499 -0.661486 0.738516 -559.266 0.160352 -0.749161 -0.642686 602.826 0 0 0 1 
0.985055 0.0131075 0.17174 448.713 -0.120457 -0.66027 0.741306 -563.335 0.123111 -0.750914 -0.648823 617.055 0 0 0 1 
0.988841 -0.0192162 0.147731 462.7 -0.123832 -0.65732 0.743368 -568.971 0.0828221 -0.753366 -0.652365 628.053 0 0 0 1 
0.990896 -0.0372539 0.129376 470.087 -0.122752 -0.644688 0.754526 -573.673 0.0552981 -0.763537 -0.643392 611.113 0 0 0 1 
0.993028 -0.0603263 0.101272 486.855 -0.116179 -0.64624 0.754239 -576.048 0.0199456 -0.760746 -0.648743 614.634 0 0 0 1 
0.993059 -0.0830006 0.0833314 496.453 -0.117289 -0.646187 0.754112 -581.358 -0.00874409 -0.758652 -0.651437 621.031 0 0 0 1 
0.992594 -0.103122 0.0642142 507.177 -0.115835 -0.644158 0.756071 -587.56 -0.0366033 -0.757909 -0.651332 620.603 0 0 0 1 
0.991656 -0.116887 0.0543729 512.917 -0.117459 -0.645414 0.754748 -591.216 -0.0531274 -0.754837 -0.653757 625.547 0 0 0 1 
0.990208 -0.132923 0.0426449 520.195 -0.119171 -0.64582 0.754131 -595.902 -0.0727006 -0.751829 -0.655337 630.59 0 0 0 1 
0.988904 -0.144367 0.0350353 524.268 -0.12083 -0.644439 0.755049 -603.769 -0.086426 -0.750904 -0.654732 632.881 0 0 0 1 
0.98734 -0.156569 0.025429 530.13 -0.122756 -0.652684 0.747619 -600.082 -0.100457 -0.741275 -0.663641 639.844 0 0 0 1 
0.986089 -0.165502 0.0153923 537.96 -0.120907 -0.650661 0.749681 -607.585 -0.114058 -0.741114 -0.66162 642.674 0 0 0 1 
0.985469 -0.168841 0.0185186 538.635 -0.125434 -0.649906 0.749593 -615.283 -0.114526 -0.741023 -0.66164 648.408 0 0 0 1 
0.984788 -0.173001 0.0162201 544.923 -0.126791 -0.651622 0.747872 -615.51 -0.118813 -0.738552 -0.663645 652.935 0 0 0 1 
0.984403 -0.175371 0.0140053 547.633 -0.127162 -0.654254 0.745508 -617.435 -0.121577 -0.735661 -0.66635 662.641 0 0 0 1 
0.983046 -0.182993 0.0116053 547.804 -0.129044 -0.645488 0.75279 -621.662 -0.130264 -0.741524 -0.658159 661.427 0 0 0 1 
0.983414 -0.181341 0.00343321 552.775 -0.120783 -0.640651 0.758273 -625.206 -0.135307 -0.746111 -0.651929 669.955 0 0 0 1 
0.983717 -0.179702 -0.00282619 562.807 -0.116762 -0.650972 0.750068 -623.658 -0.136628 -0.737524 -0.661355 697.329 0 0 0 1 
0.984677 -0.174098 0.0100533 552.983 -0.120676 -0.638648 0.759978 -625.248 -0.12589 -0.749546 -0.649871 685.609 0 0 0 1 
0.984872 -0.172843 0.0123634 553.635 -0.121609 -0.638579 0.759887 -625.371 -0.123446 -0.749895 -0.649938 694.386 0 0 0 1 
0.984876 -0.173234 0.00303607 564.424 -0.114112 -0.635368 0.763732 -625.523 -0.130375 -0.752528 -0.645527 696.117 0 0 0 1 
0.985872 -0.166327 0.0198034 552.309 -0.121603 -0.629397 0.76751 -634.976 -0.115193 -0.759075 -0.64073 703.888 0 0 0 1 
0.986667 -0.161391 0.0209819 555.441 -0.118291 -0.622608 0.773541 -643.893 -0.111779 -0.76571 -0.633399 707.252 0 0 0 1 
0.987508 -0.152073 0.0412567 537.757 -0.128483 -0.625554 0.769528 -646.764 -0.0912158 -0.765216 -0.637279 727.436 0 0 0 1 
0.987532 -0.152828 0.0377324 538.13 -0.126426 -0.627181 0.768544 -638.192 -0.09379 -0.763732 -0.638683 733.259 0 0 0 1 
x
x
0.989471 -0.144705 0.0028517 541.178 -0.0929034 -0.619903 0.779159 -639.299 -0.110981 -0.77122 -0.626819 761.292 0 0 0 1 
0.989539 -0.14413 -0.00626411 554.887 -0.0847197 -0.6157 0.783413 -648.405 -0.11677 -0.774687 -0.62147 771.175 0 0 0 1 
